# comment 

x <- 23
y<- 34
x+y

2+y+4
